1921   01     0.00
1921   02     0.00
1921   03    45.41
1921   04    43.77
1921   05    38.21
1921   06   162.20
1921   07   191.09
1921   08   321.05
1921   09   237.62
1921   10    19.48
1921   11     7.09
1921   12     0.13
1922   01     0.00
1922   02     1.43
1922   03     0.00
1922   04    60.06
1922   05    93.34
1922   06    96.51
1922   07   156.01
1922   08   244.16
1922   09   252.01
1922   10    58.53
1922   11     9.90
1922   12     0.13
1923   01     2.68
1923   02     0.00
1923   03    13.66
1923   04    74.00
1923   05    63.18
1923   06   115.49
1923   07   151.61
1923   08   206.04
1923   09   201.62
1923   10    32.88
1923   11     4.50
1923   12    20.35
1924   01     0.00
1924   02     0.29
1924   03    17.55
1924   04    37.88
1924   05    46.79
1924   06   152.81
1924   07   233.66
1924   08   180.18
1924   09   274.37
1924   10    26.84
1924   11     0.34
1924   12     0.13
1925   01     0.25
1925   02     0.00
1925   03     0.09
1925   04   112.04
1925   05   165.43
1925   06   122.36
1925   07   155.75
1925   08   279.68
1925   09   264.92
1925   10   123.87
1925   11    63.46
1925   12     0.19
1926   01     0.25
1926   02     0.00
1926   03    21.43
1926   04    48.88
1926   05    88.93
1926   06   111.26
1926   07   144.00
1926   08   249.29
1926   09   155.98
1926   10     0.14
1926   11     6.36
1926   12     0.69
1927   01     0.38
1927   02     5.09
1927   03     0.00
1927   04    61.33
1927   05    83.97
1927   06   180.62
1927   07   166.92
1927   08   174.38
1927   09   221.08
1927   10   126.44
1927   11     6.26
1927   12     0.20
1928   01     0.26
1928   02     0.00
1928   03     3.43
1928   04    84.54
1928   05    57.35
1928   06   123.08
1928   07   153.71
1928   08   261.34
1928   09   162.90
1928   10    92.60
1928   11     0.00
1928   12     0.20
1929   01     0.25
1929   02     1.96
1929   03     3.62
1929   04    65.21
1929   05   113.89
1929   06   174.33
1929   07   145.33
1929   08   331.00
1929   09   164.14
1929   10    98.91
1929   11     0.00
1929   12     0.20
1930   01     0.25
1930   02     0.79
1930   03    10.58
1930   04    61.15
1930   05   119.67
1930   06   160.82
1930   07   171.81
1930   08   314.01
1930   09   129.79
1930   10    89.93
1930   11     0.00
1930   12     5.61
1931   01     0.25
1931   02     7.07
1931   03     4.25
1931   04    53.90
1931   05    98.60
1931   06   134.38
1931   07   196.62
1931   08   251.33
1931   09   215.37
1931   10    31.23
1931   11     8.13
1931   12     1.99
1932   01     0.25
1932   02    22.67
1932   03     8.86
1932   04    64.51
1932   05   110.93
1932   06    93.73
1932   07   115.80
1932   08   165.10
1932   09   246.97
1932   10    64.13
1932   11     8.93
1932   12     9.63
1933   01     0.26
1933   02     9.26
1933   03     4.70
1933   04   148.05
1933   05   119.97
1933   06   181.85
1933   07   260.73
1933   08   248.07
1933   09   177.95
1933   10    30.44
1933   11    39.60
1933   12     3.02
1934   01     0.26
1934   02     0.00
1934   03    11.74
1934   04    61.10
1934   05    21.88
1934   06   185.43
1934   07   208.27
1934   08   330.82
1934   09   230.34
1934   10    69.45
1934   11     0.00
1934   12     0.20
1935   01     1.04
1935   02     0.00
1935   03    22.55
1935   04    94.13
1935   05   102.49
1935   06   206.18
1935   07   277.54
1935   08   336.30
1935   09   217.06
1935   10    74.58
1935   11     4.69
1935   12     0.20
1936   01     0.26
1936   02     0.27
1936   03     5.65
1936   04    94.23
1936   05   157.92
1936   06   124.33
1936   07   200.87
1936   08   218.12
1936   09   143.44
1936   10    63.87
1936   11    14.24
1936   12     0.41
1937   01     0.27
1937   02     0.28
1937   03     5.38
1937   04    41.89
1937   05    69.05
1937   06   129.60
1937   07   158.84
1937   08   375.54
1937   09   185.24
1937   10    46.96
1937   11     3.12
1937   12     0.20
1938   01     0.28
1938   02     0.00
1938   03    28.71
1938   04    31.31
1938   05    58.18
1938   06   104.88
1938   07   168.33
1938   08   321.32
1938   09   206.40
1938   10    48.78
1938   11     0.00
1938   12     0.57
1939   01     0.58
1939   02     0.08
1939   03    39.52
1939   04    55.31
1939   05   178.67
1939   06   118.08
1939   07   194.37
1939   08   175.90
1939   09   216.21
1939   10   105.04
1939   11     1.41
1939   12     0.44
1940   01    14.00
1940   02     0.07
1940   03    36.90
1940   04    23.14
1940   05    72.09
1940   06    91.97
1940   07   175.67
1940   08   182.23
1940   09   130.90
1940   10   111.07
1940   11     4.94
1940   12     0.44
1941   01     0.50
1941   02     0.07
1941   03    18.28
1941   04    61.01
1941   05    40.22
1941   06   173.45
1941   07   174.69
1941   08   191.55
1941   09   156.89
1941   10    48.32
1941   11     5.33
1941   12     1.05
1942   01     1.71
1942   02     0.08
1942   03     7.56
1942   04    53.30
1942   05    97.72
1942   06   101.57
1942   07    92.92
1942   08   255.27
1942   09   186.55
1942   10    43.97
1942   11     0.08
1942   12     2.36
1943   01     0.02
1943   02     0.14
1943   03    38.84
1943   04    29.63
1943   05    94.26
1943   06   131.72
1943   07   165.97
1943   08   314.15
1943   09   175.13
1943   10    66.39
1943   11    10.85
1943   12    15.39
1944   01     0.02
1944   02     0.08
1944   03    19.05
1944   04    70.09
1944   05    42.58
1944   06   180.50
1944   07    99.27
1944   08   224.11
1944   09   171.68
1944   10    48.22
1944   11     4.92
1944   12    15.72
1945   01     0.02
1945   02     0.08
1945   03     0.00
1945   04    13.49
1945   05    61.75
1945   06   122.16
1945   07   214.29
1945   08   336.39
1945   09   259.39
1945   10    72.59
1945   11     0.09
1945   12     0.31
1946   01     2.79
1946   02     0.08
1946   03    15.70
1946   04    25.40
1946   05   111.89
1946   06   126.63
1946   07   164.40
1946   08   276.99
1946   09   320.52
1946   10    49.78
1946   11     0.75
1946   12     0.31
1947   01     0.02
1947   02     2.71
1947   03     0.00
1947   04     8.84
1947   05    54.89
1947   06   139.90
1947   07   173.61
1947   08   141.53
1947   09   151.40
1947   10    54.90
1947   11     1.09
1947   12     2.01
1948   01     0.02
1948   02     0.16
1948   03    18.82
1948   04    92.56
1948   05   140.45
1948   06   104.52
1948   07   175.19
1948   08   237.86
1948   09   200.58
1948   10     8.93
1948   11     2.60
1948   12     0.31
1949   01     0.02
1949   02     0.09
1949   03     1.47
1949   04    53.48
1949   05   104.11
1949   06   145.66
1949   07   181.49
1949   08   264.59
1949   09   224.47
1949   10    42.57
1949   11     9.87
1949   12     0.01
1950   01     0.11
1950   02     4.69
1950   03     0.00
1950   04    31.72
1950   05   102.65
1950   06   144.76
1950   07   244.25
1950   08   345.74
1950   09   310.75
1950   10    44.23
1950   11     9.25
1950   12     0.37
