1921   01     0.00
1921   02    35.26
1921   03    34.84
1921   04   110.84
1921   05   274.75
1921   06   183.08
1921   07   184.07
1921   08   209.37
1921   09   323.17
1921   10    88.80
1921   11    63.47
1921   12     4.23
1922   01     0.00
1922   02     9.12
1922   03    52.55
1922   04   228.49
1922   05    75.07
1922   06   177.10
1922   07    65.35
1922   08    79.06
1922   09   169.18
1922   10   203.64
1922   11   165.15
1922   12     1.08
1923   01    17.50
1923   02    66.43
1923   03    88.03
1923   04   200.19
1923   05    83.74
1923   06   154.52
1923   07   132.69
1923   08    44.00
1923   09   265.20
1923   10   135.40
1923   11    78.61
1923   12    23.30
1924   01    15.06
1924   02   112.99
1924   03    44.04
1924   04    97.87
1924   05   145.23
1924   06   218.73
1924   07    84.64
1924   08    56.76
1924   09   197.99
1924   10   224.66
1924   11    79.09
1924   12     1.29
1925   01     0.00
1925   02    22.95
1925   03    62.73
1925   04   153.22
1925   05   117.80
1925   06   203.96
1925   07   161.14
1925   08   128.36
1925   09   263.91
1925   10   252.70
1925   11   103.64
1925   12     8.96
1926   01     0.00
1926   02     5.28
1926   03    69.04
1926   04   147.02
1926   05   206.51
1926   06   289.72
1926   07   128.57
1926   08   100.46
1926   09   243.19
1926   10    73.39
1926   11    26.44
1926   12     5.53
1927   01     1.48
1927   02    63.96
1927   03    51.28
1927   04   198.19
1927   05   131.71
1927   06   132.05
1927   07   152.87
1927   08   100.57
1927   09   186.47
1927   10   231.22
1927   11    64.93
1927   12     0.06
1928   01     4.38
1928   02     1.90
1928   03    54.75
1928   04   244.65
1928   05   141.63
1928   06   213.05
1928   07    97.37
1928   08    91.88
1928   09   197.71
1928   10   201.91
1928   11    66.47
1928   12     3.40
1929   01    15.28
1929   02    18.73
1929   03    85.22
1929   04   108.53
1929   05   225.27
1929   06   397.66
1929   07   193.58
1929   08    61.62
1929   09   171.29
1929   10   141.68
1929   11    31.88
1929   12     0.00
1930   01     0.05
1930   02    13.54
1930   03    45.72
1930   04    58.46
1930   05   248.14
1930   06   160.02
1930   07    85.08
1930   08    72.29
1930   09   355.44
1930   10   168.39
1930   11    50.16
1930   12    12.20
1931   01     4.17
1931   02    22.72
1931   03    67.60
1931   04   142.52
1931   05   170.18
1931   06   332.42
1931   07   102.14
1931   08   127.79
1931   09   176.69
1931   10   164.29
1931   11    33.36
1931   12    26.96
1932   01     7.51
1932   02    68.02
1932   03    48.28
1932   04   108.72
1932   05   125.12
1932   06   134.49
1932   07   102.29
1932   08    78.33
1932   09   110.70
1932   10   217.97
1932   11    51.05
1932   12     0.89
1933   01     8.07
1933   02    41.32
1933   03    94.15
1933   04   118.79
1933   05   149.75
1933   06   308.88
1933   07   175.18
1933   08   183.22
1933   09   226.44
1933   10    76.57
1933   11   105.78
1933   12   117.66
1934   01     0.00
1934   02     0.00
1934   03    90.11
1934   04   145.32
1934   05   109.21
1934   06   136.74
1934   07   166.60
1934   08   175.33
1934   09   266.05
1934   10   287.12
1934   11    37.38
1934   12     4.00
1935   01    20.04
1935   02    35.60
1935   03   123.72
1935   04    75.81
1935   05   102.36
1935   06   140.86
1935   07   156.88
1935   08   128.83
1935   09   172.53
1935   10   126.26
1935   11    29.25
1935   12     4.08
1936   01     0.00
1936   02    72.37
1936   03    59.54
1936   04   130.15
1936   05   214.38
1936   06   164.27
1936   07    61.66
1936   08    95.22
1936   09   247.37
1936   10   145.60
1936   11   101.52
1936   12     2.08
1937   01     0.00
1937   02    15.56
1937   03    64.07
1937   04    71.85
1937   05    76.16
1937   06   166.09
1937   07   111.20
1937   08    83.03
1937   09   227.11
1937   10   118.09
1937   11    56.50
1937   12    26.26
1938   01     4.68
1938   02    27.62
1938   03    44.47
1938   04   141.97
1938   05   175.43
1938   06   180.37
1938   07   125.85
1938   08    76.93
1938   09   168.09
1938   10   185.51
1938   11   135.15
1938   12    47.59
1939   01    43.19
1939   02     0.00
1939   03    98.09
1939   04   110.63
1939   05    96.24
1939   06   136.87
1939   07   219.20
1939   08   205.60
1939   09   125.36
1939   10    78.65
1939   11    70.59
1939   12    38.88
1940   01    19.29
1940   02    60.43
1940   03    32.70
1940   04   152.99
1940   05   110.44
1940   06   205.51
1940   07    59.47
1940   08   113.30
1940   09   194.88
1940   10   247.23
1940   11    62.48
1940   12     0.00
1941   01     5.35
1941   02     0.00
1941   03    96.15
1941   04   127.10
1941   05   199.64
1941   06   219.16
1941   07   105.55
1941   08   106.70
1941   09   296.88
1941   10    17.80
1941   11    63.52
1941   12    29.26
1942   01     5.60
1942   02    29.69
1942   03    71.26
1942   04    58.45
1942   05   173.50
1942   06   177.34
1942   07    40.66
1942   08    88.81
1942   09   194.10
1942   10   246.82
1942   11    54.73
1942   12     2.84
1943   01     1.53
1943   02    27.71
1943   03    85.71
1943   04   140.30
1943   05    91.87
1943   06   262.59
1943   07    53.00
1943   08   102.88
1943   09   156.61
1943   10   228.25
1943   11    73.76
1943   12    21.78
1944   01     0.72
1944   02    34.69
1944   03    99.67
1944   04   150.79
1944   05    43.69
1944   06   178.48
1944   07   169.98
1944   08    81.08
1944   09   191.54
1944   10   141.25
1944   11    16.81
1944   12    23.40
1945   01     0.25
1945   02    36.06
1945   03    33.72
1945   04    90.10
1945   05    84.09
1945   06   130.76
1945   07   147.86
1945   08    95.28
1945   09   215.21
1945   10   137.97
1945   11    15.75
1945   12     1.13
1946   01     5.76
1946   02     6.02
1946   03   124.68
1946   04    93.20
1946   05   133.27
1946   06   134.10
1946   07    41.34
1946   08    40.98
1946   09   201.26
1946   10   197.04
1946   11    43.77
1946   12    22.94
1947   01     3.46
1947   02    66.10
1947   03    29.89
1947   04   101.13
1947   05   123.87
1947   06   222.57
1947   07   159.88
1947   08   248.67
1947   09   359.47
1947   10   138.92
1947   11    36.82
1947   12    23.67
1948   01     0.00
1948   02    18.96
1948   03    33.57
1948   04   130.17
1948   05   207.33
1948   06   107.25
1948   07   101.36
1948   08    70.12
1948   09   225.39
1948   10   104.92
1948   11    20.49
1948   12     1.26
1949   01     0.00
1949   02    20.84
1949   03    81.97
1949   04   135.42
1949   05    87.90
1949   06   223.97
1949   07   194.26
1949   08   131.95
1949   09   270.16
1949   10   151.51
1949   11    79.64
1949   12     1.45
1950   01     2.71
1950   02     0.45
1950   03    28.27
1950   04   138.91
1950   05   136.64
1950   06   141.34
1950   07    61.55
1950   08    68.81
1950   09   141.05
1950   10   217.70
1950   11    29.50
1950   12    13.01
