1921   01     0.00
1921   02    65.77
1921   03    61.21
1921   04   200.86
1921   05   114.65
1921   06   319.36
1921   07   119.30
1921   08    57.47
1921   09   316.70
1921   10   138.43
1921   11   100.75
1921   12    33.35
1922   01     0.00
1922   02    63.50
1922   03    58.16
1922   04   162.84
1922   05   186.02
1922   06   163.07
1922   07    80.89
1922   08    31.76
1922   09   180.39
1922   10   181.66
1922   11   197.09
1922   12    16.38
1923   01    45.66
1923   02   141.44
1923   03   167.32
1923   04   213.97
1923   05    97.75
1923   06   188.16
1923   07   186.10
1923   08    11.23
1923   09   152.87
1923   10   140.53
1923   11    92.89
1923   12    36.74
1924   01     0.31
1924   02    99.50
1924   03   136.01
1924   04   120.65
1924   05    91.64
1924   06   167.43
1924   07   152.06
1924   08    13.47
1924   09   163.24
1924   10   171.65
1924   11    87.51
1924   12    81.45
1925   01     0.00
1925   02    28.89
1925   03   204.74
1925   04   119.13
1925   05   190.96
1925   06   236.19
1925   07   170.48
1925   08   154.66
1925   09   134.40
1925   10   228.50
1925   11   180.32
1925   12     6.72
1926   01    10.34
1926   02    72.99
1926   03   126.99
1926   04   173.08
1926   05   239.03
1926   06   296.53
1926   07   108.70
1926   08    33.78
1926   09    94.00
1926   10   133.58
1926   11    97.38
1926   12    52.17
1927   01     1.59
1927   02    38.12
1927   03   149.24
1927   04   237.73
1927   05    97.31
1927   06   123.45
1927   07    91.62
1927   08    17.71
1927   09   277.47
1927   10   375.37
1927   11    57.51
1927   12    14.79
1928   01     4.82
1928   02    28.05
1928   03   227.78
1928   04   135.52
1928   05   173.32
1928   06   159.64
1928   07   123.79
1928   08    62.40
1928   09   241.82
1928   10   209.18
1928   11    62.15
1928   12    35.48
1929   01     3.57
1929   02    32.11
1929   03   151.09
1929   04   227.31
1929   05   110.16
1929   06   153.29
1929   07    96.96
1929   08    11.09
1929   09   274.83
1929   10   363.60
1929   11    54.30
1929   12    13.40
1930   01     0.00
1930   02    59.03
1930   03   152.36
1930   04    57.05
1930   05   217.26
1930   06   272.93
1930   07    73.50
1930   08    36.94
1930   09   203.64
1930   10   135.47
1930   11    42.91
1930   12    31.86
1931   01    61.12
1931   02    22.93
1931   03   114.68
1931   04   109.00
1931   05   230.95
1931   06   386.54
1931   07   101.25
1931   08    85.28
1931   09   163.49
1931   10   215.27
1931   11    32.89
1931   12    14.55
1932   01     4.20
1932   02   142.02
1932   03   150.10
1932   04   125.01
1932   05   223.71
1932   06   223.65
1932   07    23.26
1932   08    35.75
1932   09    68.70
1932   10   197.24
1932   11   125.35
1932   12    28.45
1933   01    21.17
1933   02    40.08
1933   03    95.47
1933   04   179.83
1933   05   211.88
1933   06   159.92
1933   07    73.46
1933   08   103.21
1933   09   172.85
1933   10   167.45
1933   11    83.93
1933   12    72.73
1934   01     0.00
1934   02    36.82
1934   03   146.57
1934   04    35.65
1934   05   137.91
1934   06   166.73
1934   07    78.28
1934   08   121.13
1934   09   304.25
1934   10   242.43
1934   11    45.16
1934   12    18.01
1935   01    26.19
1935   02    55.91
1935   03   230.48
1935   04    94.24
1935   05   233.00
1935   06   365.74
1935   07   135.17
1935   08    31.90
1935   09   156.35
1935   10   158.33
1935   11    45.56
1935   12    32.06
1936   01     0.72
1936   02   177.98
1936   03    56.54
1936   04   132.63
1936   05   219.80
1936   06   199.56
1936   07    10.89
1936   08    29.50
1936   09   248.76
1936   10   211.97
1936   11   171.66
1936   12     1.18
1937   01     2.34
1937   02    74.47
1937   03    85.57
1937   04   141.39
1937   05   140.94
1937   06   211.10
1937   07   115.62
1937   08   111.70
1937   09   263.23
1937   10   187.33
1937   11    66.82
1937   12    14.30
1938   01    11.52
1938   02    58.48
1938   03   128.46
1938   04   101.66
1938   05   130.94
1938   06   145.19
1938   07   130.65
1938   08    59.32
1938   09   179.09
1938   10   211.69
1938   11   102.86
1938   12    33.19
1939   01    50.36
1939   02    35.22
1939   03   123.54
1939   04   131.51
1939   05   164.42
1939   06   206.04
1939   07   228.53
1939   08   111.53
1939   09    64.65
1939   10   119.04
1939   11   100.85
1939   12    14.66
1940   01    11.85
1940   02    54.06
1940   03    81.19
1940   04   108.96
1940   05   161.44
1940   06   197.97
1940   07    41.93
1940   08   107.85
1940   09   194.62
1940   10   310.42
1940   11    86.52
1940   12     2.61
1941   01    14.88
1941   02    21.59
1941   03   162.29
1941   04   121.70
1941   05   238.17
1941   06   182.00
1941   07   180.57
1941   08    96.15
1941   09   196.07
1941   10   122.56
1941   11    81.04
1941   12    62.45
1942   01    12.96
1942   02    49.97
1942   03   168.60
1942   04   167.93
1942   05   248.84
1942   06   165.66
1942   07    17.48
1942   08    32.90
1942   09   162.75
1942   10   188.13
1942   11    44.62
1942   12    30.53
1943   01    29.43
1943   02    83.60
1943   03   153.56
1943   04   207.00
1943   05   241.93
1943   06   195.14
1943   07    95.88
1943   08    46.28
1943   09   166.46
1943   10   169.66
1943   11   159.23
1943   12    37.05
1944   01    18.74
1944   02    90.17
1944   03   168.13
1944   04    84.77
1944   05   141.55
1944   06   151.77
1944   07   136.42
1944   08    40.35
1944   09   186.74
1944   10   178.34
1944   11    57.80
1944   12    30.99
1945   01    43.13
1945   02    40.21
1945   03    74.75
1945   04   119.66
1945   05   171.67
1945   06   156.77
1945   07    81.95
1945   08    29.17
1945   09   217.38
1945   10   200.10
1945   11   109.58
1945   12    15.13
1946   01    39.04
1946   02    42.48
1946   03   120.49
1946   04    73.87
1946   05   130.32
1946   06   217.09
1946   07    32.46
1946   08    21.51
1946   09   112.28
1946   10   286.33
1946   11    45.42
1946   12    17.94
1947   01     3.51
1947   02    96.35
1947   03   117.02
1947   04   118.57
1947   05   216.01
1947   06   164.79
1947   07   159.31
1947   08   216.23
1947   09   333.16
1947   10   150.82
1947   11   100.95
1947   12    28.33
1948   01     0.00
1948   02    52.00
1948   03    69.98
1948   04   196.74
1948   05   221.86
1948   06   332.08
1948   07    63.17
1948   08    20.70
1948   09    84.67
1948   10   159.39
1948   11   149.07
1948   12    33.91
1949   01     0.00
1949   02    49.21
1949   03   169.51
1949   04   125.59
1949   05   188.52
1949   06   210.67
1949   07   234.24
1949   08   140.76
1949   09   192.95
1949   10   204.39
1949   11    80.99
1949   12    29.73
1950   01    31.42
1950   02    12.07
1950   03    79.83
1950   04   164.26
1950   05   133.59
1950   06   137.36
1950   07    80.35
1950   08    99.90
1950   09    80.82
1950   10   207.87
1950   11    97.58
1950   12    23.29
